0.0025	10	0	1	10
0.0075	10	0	1	10
0.0125	10	0	1	10
0.0175	10	0	1	10
0.0225	10	0	1	10
0.0275	10	0	1	10
0.0325	10	0	1	10
0.0375	10	0	1	10
0.0425	10	0	1	10
0.0475	10	0	1	10
0.0525	10	0	1	10
0.0575	10	0	1	10
0.0625	10	0	1	10
0.0675	10	0	1	10
0.0725	10	0	1	10
0.0775	10	0	1	10
0.0825	10	0	1	10
0.0875	10	0	1	10
0.0925	10	0	1	10
0.0975	10	0	1	10
0.1025	10	0	1	10
0.1075	10	0	1	10
0.1125	10	1.20729e-07	1	10
0.1175	10	3.8231e-07	1	10
0.1225	9.99999	8.65231e-07	1	9.99999
0.1275	9.99998	1.87132e-06	0.999999	9.99998
0.1325	9.99997	3.88351e-06	0.999999	9.99995
0.1375	9.99994	7.6262e-06	0.999997	9.99991
0.1425	9.99988	1.45281e-05	0.999995	9.99983
0.1475	9.99977	2.69035e-05	0.999991	9.99968
0.1525	9.99959	4.86567e-05	0.999983	9.99942
0.1575	9.99927	8.60275e-05	0.999971	9.99898
0.1625	9.99874	0.000148478	0.99995	9.99824
0.1675	9.99788	0.000250552	0.999915	9.99704
0.1725	9.99651	0.000413069	0.999861	9.99511
0.1775	9.99438	0.000665429	0.999775	9.99213
0.1825	9.99115	0.00104742	0.999646	9.98761
0.1875	9.98639	0.00161068	0.999456	9.98096
0.1925	9.97955	0.00242037	0.999182	9.9714
0.1975	9.96999	0.00355421	0.9988	9.95802
0.2025	9.95693	0.00510172	0.998278	9.93979
0.2075	9.93959	0.00716039	0.997584	9.91558
0.2125	9.91712	0.00983089	0.996684	9.88424
0.2175	9.88873	0.0132113	0.995547	9.8447
0.2225	9.85372	0.0173901	0.994142	9.796
0.2275	9.81152	0.0224404	0.992447	9.73742
0.2325	9.76176	0.0284152	0.990446	9.66849
0.2375	9.70429	0.0353447	0.988128	9.58908
0.2425	9.63914	0.0432353	0.985494	9.49932
0.2475	9.56658	0.052072	0.982551	9.39965
0.2525	9.48701	0.0618209	0.979311	9.29072
0.2575	9.40095	0.0724339	0.975792	9.17337
0.2625	9.30902	0.0838527	0.972017	9.04852
0.2675	9.21187	0.0960131	0.968007	8.91716
0.2725	9.11019	0.108848	0.963786	8.78027
0.2775	9.0046	0.122293	0.959379	8.63882
0.2825	8.89573	0.136282	0.954807	8.49371
0.2875	8.78416	0.150757	0.950091	8.34575
0.2925	8.67041	0.165663	0.945251	8.19571
0.2975	8.55494	0.180948	0.940305	8.04425
0.3025	8.43819	0.196567	0.935267	7.89196
0.3075	8.32051	0.21248	0.930153	7.73935
0.3125	8.20224	0.228651	0.924974	7.58686
0.3175	8.08366	0.245046	0.919743	7.43489
0.3225	7.96502	0.261638	0.914468	7.28376
0.3275	7.84655	0.2784	0.909159	7.13376
0.3325	7.72842	0.295309	0.903824	6.98513
0.3375	7.6108	0.312346	0.898469	6.83807
0.3425	7.49385	0.329492	0.893101	6.69276
0.3475	7.37768	0.346729	0.887725	6.54935
0.3525	7.26241	0.364043	0.882346	6.40796
0.3575	7.14814	0.38142	0.87697	6.2687
0.3625	7.03495	0.398847	0.8716	6.13166
0.3675	6.92292	0.416311	0.866241	5.99691
0.3725	6.81212	0.433801	0.860896	5.86452
0.3775	6.70262	0.451305	0.855568	5.73455
0.3825	6.59447	0.468812	0.850262	5.60703
0.3875	6.48772	0.486312	0.844981	5.482
0.3925	6.38244	0.503793	0.839728	5.35951
0.3975	6.27866	0.521245	0.834506	5.23958
0.4025	6.17644	0.538656	0.829319	5.12224
0.4075	6.07582	0.556014	0.82417	5.00751
0.4125	5.97685	0.573307	0.819062	4.89541
0.4175	5.87957	0.590521	0.814001	4.78598
0.4225	5.78404	0.607644	0.808989	4.67923
0.4275	5.69031	0.624658	0.80403	4.57518
0.4325	5.59842	0.64155	0.79913	4.47387
0.4375	5.50844	0.658302	0.794293	4.37531
0.4425	5.42042	0.674894	0.789523	4.27955
0.4475	5.33443	0.691306	0.784827	4.1866
0.4525	5.25053	0.707517	0.78021	4.09652
0.4575	5.1688	0.723503	0.775679	4.00933
0.4625	5.0893	0.739238	0.771241	3.92507
0.4675	5.01212	0.754695	0.766902	3.84381
0.4725	4.93735	0.769844	0.762672	3.76558
0.4775	4.86507	0.784653	0.758559	3.69044
0.4825	4.79538	0.799089	0.75457	3.61845
0.4875	4.72837	0.813118	0.750717	3.54967
0.4925	4.66413	0.826701	0.74701	3.48415
0.4975	4.60277	0.839803	0.743458	3.42196
0.5025	4.54436	0.852384	0.740072	3.36316
0.5075	4.489	0.864407	0.736864	3.30779
0.5125	4.43677	0.875835	0.733844	3.2559
0.5175	4.38772	0.886633	0.731024	3.20753
0.5225	4.3419	0.89677	0.728413	3.1627
0.5275	4.29933	0.906219	0.726022	3.12141
0.5325	4.26002	0.914957	0.72386	3.08365
0.5375	4.22392	0.922971	0.721934	3.04939
0.5425	4.19096	0.930253	0.720253	3.01855
0.5475	4.16103	0.936805	0.718822	2.99104
0.5525	4.13398	0.94264	0.717648	2.96674
0.5575	4.1096	0.947777	0.716736	2.9455
0.5625	4.08764	0.952247	0.716093	2.92713
0.5675	4.06782	0.956089	0.715725	2.91144
0.5725	4.04979	0.959347	0.715642	2.8982
0.5775	4.03317	0.962073	0.715858	2.88717
0.5825	4.01752	0.964322	0.716393	2.87812
0.5875	4.00239	0.96615	0.71727	2.87079
0.5925	3.98726	0.967614	0.718526	2.86495
0.5975	3.97162	0.968768	0.720203	2.86037
0.6025	3.95488	0.969662	0.722357	2.85684
0.6075	3.93647	0.970345	0.725056	2.85416
0.6125	3.91579	0.970857	0.728379	2.85218
0.6175	3.89222	0.971234	0.732418	2.85073
0.6225	3.86518	0.971508	0.737278	2.84971
0.6275	3.83408	0.971702	0.743075	2.84901
0.6325	3.79841	0.971837	0.749931	2.84855
0.6375	3.75771	0.97193	0.757977	2.84826
0.6425	3.71162	0.971992	0.767345	2.84809
0.6475	3.65991	0.972034	0.778166	2.84802
0.6525	3.6025	0.972062	0.790563	2.848
0.6575	3.53946	0.97208	0.804649	2.84802
0.6625	3.47107	0.972093	0.820519	2.84808
0.6675	3.39775	0.972103	0.838243	2.84814
0.6725	3.32015	0.972112	0.857859	2.84822
0.6775	3.23903	0.972121	0.879369	2.84831
0.6825	3.15532	0.97213	0.902729	2.8484
0.6875	3.07001	0.97214	0.927843	2.84849
0.6925	2.98417	0.972152	0.954563	2.84858
0.6975	2.89888	0.972165	0.982683	2.84868
0.7025	2.81516	0.97218	1.01194	2.84877
0.7075	2.73399	0.972196	1.04202	2.84887
0.7125	2.65624	0.972215	1.07256	2.84897
0.7175	2.58263	0.972235	1.10316	2.84907
0.7225	2.51376	0.972257	1.13343	2.84917
0.7275	2.45006	0.972281	1.16294	2.84927
0.7325	2.39182	0.972307	1.1913	2.84938
0.7375	2.33917	0.972336	1.21816	2.84949
0.7425	2.29211	0.972366	1.24322	2.8496
0.7475	2.25053	0.972399	1.26624	2.84972
0.7525	2.21421	0.972434	1.28707	2.84984
0.7575	2.18286	0.972471	1.30561	2.84996
0.7625	2.15611	0.97251	1.32187	2.85009
0.7675	2.13356	0.972552	1.3359	2.85023
0.7725	2.11479	0.972597	1.34783	2.85037
0.7775	2.09936	0.972645	1.35781	2.85052
0.7825	2.08684	0.972695	1.36602	2.85067
0.7875	2.07683	0.972748	1.37269	2.85084
0.7925	2.06893	0.972804	1.37801	2.85101
0.7975	2.06279	0.972863	1.3822	2.85118
0.8025	2.0581	0.972924	1.38543	2.85137
0.8075	2.05458	0.972987	1.3879	2.85155
0.8125	2.05198	0.97305	1.38975	2.85174
0.8175	2.05009	0.973111	1.39112	2.85192
0.8225	2.04875	0.973163	1.39211	2.85208
0.8275	2.04779	0.973192	1.3928	2.85217
0.8325	2.04707	0.973165	1.39326	2.8521
0.8375	2.04638	0.97301	1.39351	2.85166
0.8425	2.04542	0.972564	1.39354	2.85039
0.8475	2.04362	0.971463	1.39323	2.84725
0.8525	2.03977	0.9689	1.39229	2.83995
0.8575	2.03127	0.963112	1.39002	2.82351
0.8625	2.01279	0.950374	1.38496	2.78763
0.8675	1.97405	0.923295	1.37416	2.71266
0.8725	1.89821	0.8688	1.35239	2.56711
0.8775	1.76523	0.768077	1.31198	2.31596
0.8825	1.56805	0.604373	1.24565	1.95325
0.8875	1.3392	0.387278	1.15621	1.5484
0.8925	1.15161	0.181902	1.07095	1.23332
0.8975	1.05115	0.0618045	1.02272	1.07504
0.9025	1.01444	0.0172717	1.00605	1.02058
0.9075	1.00378	0.0044887	1.00154	1.00532
0.9125	1.00096	0.00114225	1.00039	1.00135
0.9175	1.00024	0.000288975	1.0001	1.00034
0.9225	1.00006	7.29863e-05	1.00002	1.00009
0.9275	1.00002	1.84361e-05	1.00001	1.00002
0.9325	1	4.62793e-06	1	1.00001
0.9375	1	1.23244e-06	1	1
0.9425	1	3.01822e-07	1	1
0.9475	1	7.54553e-08	1	1
0.9525	1	0	1	1
0.9575	1	0	1	1
0.9625	1	0	1	1
0.9675	1	0	1	1
0.9725	1	0	1	1
0.9775	1	0	1	1
0.9825	1	0	1	1
0.9875	1	0	1	1
0.9925	1	0	1	1
0.9975	1	0	1	1
