0.001	1.000000	0.000000
0.004	0.755618	0.763232
0.006	0.674661	1.050360
0.009	0.636000	1.196144
0.011	0.614978	1.278144
0.014	0.602702	1.326997
0.016	0.595170	1.357352
0.019	0.590346	1.376962
0.021	0.587115	1.390182
0.024	0.584839	1.399547
0.026	0.583142	1.406567
0.029	0.581797	1.412152
0.031	0.580668	1.416857
0.034	0.579672	1.421021
0.036	0.578758	1.424851
0.039	0.577895	1.428476
0.041	0.577064	1.431975
0.044	0.576252	1.435395
0.046	0.575452	1.438767
0.049	0.574661	1.442109
0.051	0.573874	1.445433
0.054	0.573090	1.448746
0.056	0.572309	1.452051
0.059	0.571530	1.455352
0.061	0.570752	1.458651
0.064	0.569974	1.461947
0.066	0.569198	1.465243
0.069	0.568423	1.468537
0.071	0.567648	1.471831
0.074	0.566873	1.475125
0.076	0.566100	1.478419
0.079	0.565327	1.481712
0.081	0.564554	1.485005
0.084	0.563783	1.488298
0.086	0.563012	1.491591
0.089	0.562241	1.494883
0.091	0.561471	1.498175
0.094	0.560702	1.501468
0.096	0.559933	1.504760
0.099	0.559165	1.508051
0.101	0.558398	1.511343
0.104	0.557631	1.514635
0.106	0.556865	1.517926
0.109	0.556099	1.521217
0.111	0.555334	1.524508
0.114	0.554570	1.527799
0.116	0.553806	1.531089
0.119	0.553043	1.534380
0.121	0.552281	1.537670
0.124	0.551519	1.540960
0.126	0.550758	1.544249
0.129	0.549997	1.547539
0.131	0.549237	1.550828
0.134	0.548478	1.554117
0.136	0.547719	1.557406
0.139	0.546961	1.560694
0.141	0.546203	1.563983
0.144	0.545447	1.567271
0.146	0.544690	1.570559
0.149	0.543935	1.573846
0.151	0.543180	1.577133
0.154	0.542426	1.580420
0.156	0.541672	1.583707
0.159	0.540919	1.586994
0.161	0.540167	1.590280
0.164	0.539415	1.593566
0.166	0.538664	1.596851
0.169	0.537913	1.600137
0.171	0.537164	1.603422
0.174	0.536414	1.606706
0.176	0.535666	1.609991
0.179	0.534918	1.613275
0.181	0.534171	1.616558
0.184	0.533424	1.619842
0.186	0.532678	1.623125
0.189	0.531933	1.626407
0.191	0.531189	1.629689
0.194	0.530445	1.632971
0.196	0.529701	1.636253
0.199	0.528959	1.639534
0.201	0.528217	1.642815
0.204	0.527476	1.646095
0.206	0.526735	1.649375
0.209	0.525995	1.652655
0.211	0.525256	1.655934
0.214	0.524517	1.659212
0.216	0.523779	1.662490
0.219	0.523042	1.665768
0.221	0.522305	1.669046
0.224	0.521569	1.672322
0.226	0.520834	1.675599
0.229	0.520100	1.678875
0.231	0.519366	1.682150
0.234	0.518633	1.685425
0.236	0.517900	1.688699
0.239	0.517168	1.691973
0.241	0.516437	1.695246
0.244	0.515707	1.698519
0.246	0.514977	1.701791
0.249	0.514248	1.705063
0.251	0.513520	1.708334
0.254	0.512792	1.711604
0.256	0.512065	1.714874
0.259	0.511339	1.718143
0.261	0.510614	1.721412
0.264	0.509889	1.724680
0.266	0.509165	1.727947
0.269	0.508442	1.731214
0.271	0.507719	1.734480
0.274	0.506997	1.737745
0.276	0.506276	1.741010
0.279	0.505556	1.744274
0.281	0.504836	1.747537
0.284	0.504117	1.750799
0.286	0.503399	1.754061
0.289	0.502681	1.757321
0.291	0.501965	1.760581
0.294	0.501249	1.763841
0.296	0.500534	1.767099
0.299	0.499819	1.770357
0.301	0.499105	1.773613
0.304	0.498393	1.776869
0.306	0.497680	1.780124
0.309	0.496969	1.783378
0.311	0.496258	1.786631
0.314	0.495549	1.789883
0.316	0.494839	1.793134
0.319	0.494131	1.796384
0.321	0.493424	1.799634
0.324	0.492717	1.802882
0.326	0.492011	1.806129
0.329	0.491306	1.809375
0.331	0.490602	1.812620
0.334	0.489898	1.815863
0.336	0.489196	1.819106
0.339	0.488494	1.822348
0.341	0.487793	1.825588
0.344	0.487093	1.828827
0.346	0.486393	1.832065
0.349	0.485695	1.835301
0.351	0.484997	1.838537
0.354	0.484300	1.841771
0.356	0.483604	1.845003
0.359	0.482909	1.848234
0.361	0.482215	1.851464
0.364	0.481522	1.854693
0.366	0.480829	1.857920
0.369	0.480138	1.861145
0.371	0.479447	1.864369
0.374	0.478757	1.867591
0.376	0.478068	1.870812
0.379	0.477380	1.874031
0.381	0.476693	1.877249
0.384	0.476007	1.880465
0.386	0.475322	1.883679
0.389	0.474638	1.886891
0.391	0.473954	1.890101
0.394	0.473272	1.893310
0.396	0.472591	1.896517
0.399	0.471910	1.899722
0.401	0.471231	1.902925
0.404	0.470552	1.906125
0.406	0.469875	1.909324
0.409	0.469199	1.912521
0.411	0.468523	1.915715
0.414	0.467849	1.918908
0.416	0.467175	1.922098
0.419	0.466503	1.925286
0.421	0.465832	1.928471
0.424	0.465162	1.931654
0.426	0.464493	1.934835
0.429	0.463825	1.938013
0.431	0.463158	1.941189
0.434	0.462492	1.944362
0.436	0.461827	1.947532
0.439	0.461164	1.950699
0.441	0.460501	1.953864
0.444	0.459840	1.957026
0.446	0.459180	1.960185
0.449	0.458521	1.963341
0.451	0.457863	1.966493
0.454	0.457207	1.969643
0.456	0.456552	1.972790
0.459	0.455898	1.975933
0.461	0.455245	1.979073
0.464	0.454593	1.982209
0.466	0.453943	1.985342
0.469	0.453294	1.988471
0.471	0.452647	1.991596
0.474	0.452001	1.994718
0.476	0.451356	1.997836
0.479	0.450712	2.000950
0.481	0.450070	2.004060
0.484	0.449429	2.007165
0.486	0.448790	2.010267
0.489	0.448152	2.013364
0.491	0.447516	2.016456
0.494	0.446881	2.019544
0.496	0.446248	2.022628
0.499	0.445616	2.025706
0.501	0.444986	2.028780
0.504	0.444357	2.031848
0.506	0.443730	2.034912
0.509	0.443105	2.037970
0.511	0.442481	2.041022
0.514	0.441859	2.044070
0.516	0.441239	2.047111
0.519	0.440620	2.050147
0.521	0.440003	2.053176
0.524	0.439388	2.056200
0.526	0.438775	2.059217
0.529	0.438163	2.062228
0.531	0.437554	2.065232
0.534	0.436946	2.068230
0.536	0.436341	2.071220
0.539	0.435737	2.074204
0.541	0.435135	2.077180
0.544	0.434536	2.080149
0.546	0.433938	2.083110
0.549	0.433343	2.086064
0.551	0.432749	2.089009
0.554	0.432158	2.091946
0.556	0.431570	2.094875
0.559	0.430983	2.097795
0.561	0.430399	2.100706
0.564	0.429817	2.103608
0.566	0.429238	2.106501
0.569	0.428661	2.109384
0.571	0.428086	2.112258
0.574	0.427514	2.115121
0.576	0.426945	2.117974
0.579	0.426378	2.120817
0.581	0.425814	2.123649
0.584	0.425253	2.126469
0.586	0.424695	2.129279
0.589	0.424139	2.132077
0.591	0.423586	2.134862
0.594	0.423037	2.137636
0.596	0.422490	2.140397
0.599	0.421946	2.143145
0.601	0.421406	2.145880
0.604	0.420869	2.148602
0.606	0.420335	2.151310
0.609	0.419804	2.154003
0.611	0.419277	2.156682
0.614	0.418753	2.159347
0.616	0.418233	2.161996
0.619	0.417716	2.164629
0.621	0.417203	2.167247
0.624	0.416694	2.169848
0.626	0.416189	2.172433
0.629	0.415687	2.175000
0.631	0.415190	2.177550
0.634	0.414697	2.180082
0.636	0.414207	2.182596
0.639	0.413722	2.185091
0.641	0.413241	2.187567
0.644	0.412765	2.190023
0.646	0.412293	2.192459
0.649	0.411826	2.194875
0.651	0.411363	2.197270
0.654	0.410905	2.199644
0.656	0.410451	2.201995
0.659	0.410003	2.204325
0.661	0.409559	2.206632
0.664	0.409121	2.208916
0.666	0.408688	2.211176
0.669	0.408260	2.213412
0.671	0.407837	2.215623
0.674	0.407419	2.217810
0.676	0.407007	2.219971
0.679	0.406601	2.222106
0.681	0.406200	2.224215
0.684	0.405805	2.226297
0.686	0.405416	2.228352
0.689	0.405033	2.230379
0.691	0.404655	2.232378
0.694	0.404284	2.234348
0.696	0.403919	2.236290
0.699	0.403560	2.238202
0.701	0.403207	2.240084
0.704	0.402861	2.241937
0.706	0.402521	2.243758
0.709	0.402187	2.245549
0.711	0.401860	2.247309
0.714	0.401540	2.249037
0.716	0.401226	2.250733
0.719	0.400919	2.252398
0.721	0.400619	2.254029
0.724	0.400325	2.255629
0.726	0.400039	2.257195
0.729	0.399759	2.258728
0.731	0.399486	2.260229
0.734	0.399220	2.261695
0.736	0.398960	2.263129
0.739	0.398708	2.264529
0.741	0.398463	2.265895
0.744	0.398224	2.267228
0.746	0.397993	2.268527
0.749	0.397768	2.269792
0.751	0.397551	2.271024
0.754	0.397340	2.272223
0.756	0.397136	2.273389
0.759	0.396938	2.274521
0.761	0.396748	2.275621
0.764	0.396564	2.276688
0.766	0.396387	2.277722
0.769	0.396216	2.278725
0.771	0.396052	2.279696
0.774	0.395894	2.280635
0.776	0.395743	2.281544
0.779	0.395597	2.282422
0.781	0.395458	2.283270
0.784	0.395325	2.284089
0.786	0.395198	2.284879
0.789	0.395077	2.285640
0.791	0.394961	2.286373
0.794	0.394851	2.287079
0.796	0.394746	2.287759
0.799	0.394647	2.288412
0.801	0.394552	2.289040
0.804	0.394463	2.289644
0.806	0.394379	2.290223
0.809	0.394299	2.290780
0.811	0.394224	2.291313
0.814	0.394154	2.291825
0.816	0.394087	2.292316
0.819	0.394025	2.292786
0.821	0.393967	2.293236
0.824	0.393913	2.293668
0.826	0.393863	2.294082
0.829	0.393816	2.294477
0.831	0.393773	2.294857
0.834	0.393733	2.295220
0.836	0.393696	2.295568
0.839	0.393662	2.295901
0.841	0.393630	2.296220
0.844	0.393602	2.296526
0.846	0.393576	2.296820
0.849	0.393553	2.297101
0.851	0.393532	2.297371
0.854	0.393513	2.297631
0.856	0.393496	2.297880
0.859	0.393482	2.298120
0.861	0.393469	2.298351
0.864	0.393458	2.298574
0.866	0.393448	2.298789
0.869	0.393440	2.298997
0.871	0.393433	2.299199
0.874	0.393428	2.299394
0.876	0.393424	2.299584
0.879	0.393421	2.299768
0.881	0.393418	2.299949
0.884	0.393417	2.300125
0.886	0.393416	2.300298
0.889	0.393416	2.300469
0.891	0.393417	2.300638
0.894	0.393418	2.300805
0.896	0.393418	2.300972
0.899	0.393419	2.301139
0.901	0.393420	2.301307
0.904	0.393421	2.301477
0.906	0.393420	2.301651
0.909	0.393419	2.301829
0.911	0.393417	2.302013
0.914	0.393413	2.302205
0.916	0.393408	2.302406
0.919	0.393400	2.302619
0.921	0.393389	2.302847
0.924	0.393375	2.303092
0.926	0.393357	2.303358
0.929	0.393334	2.303649
0.931	0.393305	2.303970
0.934	0.393268	2.304327
0.936	0.393224	2.304726
0.939	0.393169	2.305174
0.941	0.393103	2.305682
0.944	0.393023	2.306260
0.946	0.392926	2.306920
0.949	0.392810	2.307679
0.951	0.392670	2.308553
0.954	0.392503	2.309563
0.956	0.392304	2.310736
0.959	0.392067	2.312101
0.961	0.391784	2.313693
0.964	0.391447	2.315557
0.966	0.391046	2.317744
0.969	0.390567	2.320317
0.971	0.389997	2.323353
0.974	0.389315	2.326947
0.976	0.388499	2.331215
0.979	0.387521	2.336303
0.981	0.386343	2.342396
0.984	0.384919	2.349731
0.986	0.383190	2.358615
0.989	0.381074	2.369457
0.991	0.378465	2.382805
0.994	0.374806	2.397350
0.996	0.341100	2.262537
0.999	0.100000	0.000000
