0 -5.120574992414591e-05
1 -5.122054532671870e-05
2 -5.126493128128082e-05
3 -5.133890702533109e-05
4 -5.144247127792979e-05
5 -5.157562222455361e-05
6 -5.173835749591467e-05
7 -5.193067414076713e-05
8 -5.215256859272981e-05
9 -5.240403663116046e-05
10 -5.268507333612373e-05
11 -5.299567303750072e-05
12 -5.333582925829493e-05
13 -5.370553465219586e-05
14 -5.410478093546653e-05
15 -5.453355881322883e-05
16 -5.499185790022635e-05
17 -5.547966663615067e-05
18 -5.599697219562161e-05
19 -5.654376039291989e-05
20 -5.712001558157862e-05
21 -5.772572054893593e-05
22 -5.836085640577430e-05
23 -5.902540247115715e-05
24 -5.971933615259940e-05
25 -6.044263282169644e-05
26 -6.119526568535178e-05
27 -6.197720565275317e-05
28 -6.278842119823130e-05
29 -6.362887822017077e-05
30 -6.449853989612120e-05
31 -6.539736653427469e-05
32 -6.632531542148267e-05
33 -6.728234066798067e-05
34 -6.826839304899719e-05
35 -6.928341984343695e-05
36 -7.032736466981966e-05
37 -7.140016731965986e-05
38 -7.250176358850086e-05
39 -7.363208510477781e-05
40 -7.479105915673190e-05
41 -7.597860851757510e-05
42 -7.719465126910964e-05
43 -7.843910062402594e-05
44 -7.971186474708680e-05
45 -8.101284657542119e-05
46 -8.234194363814674e-05
47 -8.369904787555117e-05
48 -8.508404545804926e-05
49 -8.649681660515385e-05
50 -8.793723540468757e-05
51 -8.940516963247104e-05
52 -9.090048057271872e-05
53 -9.242302283937798e-05
54 -9.397264419865604e-05
55 -9.554918539296021e-05
56 -9.715247996650023e-05
57 -9.878235409279791e-05
58 -1.004386264043178e-04
59 -1.021211078244933e-04
60 -1.038296014023660e-04
61 -1.055639021500748e-04
62 -1.073237968834562e-04
63 -1.091090640659720e-04
64 -1.109194736562080e-04
65 -1.127547869591866e-04
66 -1.146147564817157e-04
67 -1.164991257920206e-04
68 -1.184076293838737e-04
69 -1.203399925454640e-04
70 -1.222959312332272e-04
71 -1.242751519508489e-04
72 -1.262773516336890e-04
73 -1.283022175388115e-04
74 -1.303494271408478e-04
75 -1.324186480339262e-04
76 -1.345095378398120e-04
77 -1.366217441225370e-04
78 -1.387549043096548e-04
79 -1.409086456203379e-04
80 -1.430825850005202e-04
81 -1.452763290652259e-04
82 -1.474894740483046e-04
83 -1.497216057597228e-04
84 -1.519722995505635e-04
85 -1.542411202859451e-04
86 -1.565276223259371e-04
87 -1.588313495146832e-04
88 -1.611518351778552e-04
89 -1.634886021285398e-04
90 -1.658411626817280e-04
91 -1.682090186775032e-04
92 -1.705916615130265e-04
93 -1.729885721834656e-04
94 -1.753992213319067e-04
95 -1.778230693083793e-04
96 -1.802595662380568e-04
97 -1.827081520987073e-04
98 -1.851682568074409e-04
99 -1.876393003168464e-04
100 -1.901206927204968e-04
101 -1.926118343679462e-04
102 -1.951121159891467e-04
103 -1.976209188283962e-04
104 -2.001376147877410e-04
105 -2.026615665799092e-04
106 -2.051921278906810e-04
107 -2.077286435507752e-04
108 -2.102704497171137e-04
109 -2.128168740635039e-04
110 -2.153672359806613e-04
111 -2.179208467854910e-04
112 -2.204770099396170e-04
113 -2.230350212770005e-04
114 -2.255941692406327e-04
115 -2.281537351281671e-04
116 -2.307129933463492e-04
117 -2.332712116742175e-04
118 -2.358276515348568e-04
119 -2.383815682755874e-04
120 -2.409322114565038e-04
121 -2.434788251470987e-04
122 -2.460206482309047e-04
123 -2.485569147179146e-04
124 -2.510868540646261e-04
125 -2.536096915014952e-04
126 -2.561246483676172e-04
127 -2.586309424523936e-04
128 -2.611277883439867e-04
129 -2.636143977843531e-04
130 -2.660899800305127e-04
131 -2.685537422219908e-04
132 -2.710048897539674e-04
133 -2.734426266560442e-04
134 -2.758661559762588e-04
135 -2.782746801701008e-04
136 -2.806674014942590e-04
137 -2.830435224047845e-04
138 -2.854022459593653e-04
139 -2.877427762234519e-04
140 -2.900643186798746e-04
141 -2.923660806416662e-04
142 -2.946472716677562e-04
143 -2.969071039812032e-04
144 -2.991447928896829e-04
145 -3.013595572077898e-04
146 -3.035506196809435e-04
147 -3.057172074104653e-04
148 -3.078585522794919e-04
149 -3.099738913794070e-04
150 -3.120624674364336e-04
151 -3.141235292379596e-04
152 -3.161563320583616e-04
153 -3.181601380838473e-04
154 -3.201342168360810e-04
155 -3.220778455940554e-04
156 -3.239903098140529e-04
157 -3.258709035471830e-04
158 -3.277189298542016e-04
159 -3.295337012171818e-04
160 -3.313145399478668e-04
161 -3.330607785919915e-04
162 -3.347717603296730e-04
163 -3.364468393710807e-04
164 -3.380853813473195e-04
165 -3.396867636960633e-04
166 -3.412503760416508e-04
167 -3.427756205691957e-04
168 -3.442619123924829e-04
169 -3.457086799153109e-04
170 -3.471153651858527e-04
171 -3.484814242438139e-04
172 -3.498063274600493e-04
173 -3.510895598682762e-04
174 -3.523306214886635e-04
175 -3.535290276428826e-04
176 -3.546843092604801e-04
177 -3.557960131761596e-04
178 -3.568637024177069e-04
179 -3.578869564844434e-04
180 -3.588653716156820e-04
181 -3.597985610492272e-04
182 -3.606861552694118e-04
183 -3.615278022446677e-04
184 -3.623231676542416e-04
185 -3.630719351038759e-04
186 -3.637738063303608e-04
187 -3.644285013946247e-04
188 -3.650357588632325e-04
189 -3.655953359781705e-04
190 -3.661070088146490e-04
191 -3.665705724269097e-04
192 -3.669858409817462e-04
193 -3.673526478797751e-04
194 -3.676708458641765e-04
195 -3.679403071169319e-04
196 -3.681609233424466e-04
197 -3.683326058383196e-04
198 -3.684552855535151e-04
199 -3.685289131334990e-04
200 -3.685534589526185e-04
