0.002	10.000000	0.000000	1.000000	10.000000	0.20
0.007	10.000000	0.000000	1.000000	10.000000	0.20
0.012	10.000000	0.000000	1.000000	10.000000	0.20
0.018	10.000000	0.000000	1.000000	10.000000	0.20
0.022	10.000000	0.000000	1.000000	10.000000	0.20
0.027	10.000000	0.000000	1.000000	10.000000	0.20
0.032	10.000000	0.000000	1.000000	10.000000	0.20
0.037	10.000000	0.000000	1.000000	10.000000	0.20
0.043	10.000000	0.000000	1.000000	10.000000	0.20
0.047	10.000000	0.000000	1.000000	10.000000	0.20
0.052	10.000000	0.000000	1.000000	10.000000	0.20
0.057	10.000000	0.000000	1.000000	10.000000	0.20
0.062	10.000000	0.000000	1.000000	10.000000	0.20
0.067	10.000000	0.000000	1.000000	10.000000	0.20
0.072	10.000000	0.000000	1.000000	10.000000	0.20
0.078	10.000000	0.000000	1.000000	10.000000	0.20
0.082	10.000000	0.000000	1.000000	10.000000	0.20
0.087	10.000000	0.000000	1.000000	10.000000	0.20
0.093	10.000000	0.000000	1.000000	10.000000	0.20
0.097	10.000000	0.000000	1.000000	10.000000	0.20
0.102	10.000000	0.000000	1.000000	10.000000	0.20
0.107	10.000000	0.000000	1.000000	10.000000	0.20
0.112	10.000000	0.000000	1.000000	9.999998	0.20
0.117	9.999984	0.000002	1.000001	9.999990	0.20
0.122	9.999949	0.000005	1.000000	9.999950	0.20
0.127	9.999888	0.000012	0.999999	9.999878	0.20
0.132	9.999773	0.000024	0.999998	9.999753	0.20
0.138	9.999631	0.000043	0.999989	9.999524	0.20
0.142	9.999371	0.000073	0.999980	9.999168	0.20
0.147	9.998980	0.000119	0.999964	9.998620	0.20
0.153	9.998368	0.000189	0.999944	9.997805	0.20
0.157	9.997506	0.000291	0.999909	9.996598	0.20
0.162	9.996276	0.000439	0.999858	9.994859	0.20
0.167	9.994495	0.000650	0.999787	9.992363	0.20
0.172	9.991993	0.000945	0.999688	9.988877	0.20
0.177	9.988570	0.001351	0.999550	9.984073	0.20
0.182	9.983901	0.001902	0.999365	9.977563	0.20
0.188	9.977701	0.002637	0.999117	9.968887	0.20
0.192	9.969575	0.003602	0.998790	9.957508	0.20
0.197	9.959058	0.004848	0.998370	9.942829	0.20
0.203	9.945718	0.006430	0.997837	9.924210	0.20
0.207	9.929064	0.008408	0.997171	9.900975	0.20
0.212	9.908617	0.010842	0.996349	9.872444	0.20
0.218	9.883838	0.013793	0.995357	9.837949	0.20
0.222	9.854329	0.017318	0.994170	9.796882	0.20
0.227	9.819636	0.021469	0.992777	9.748708	0.20
0.233	9.779432	0.026291	0.991161	9.692995	0.20
0.237	9.733498	0.031822	0.989308	9.629426	0.20
0.242	9.681634	0.038090	0.987211	9.557812	0.20
0.247	9.623754	0.045113	0.984866	9.478109	0.20
0.252	9.559875	0.052900	0.982272	9.390400	0.20
0.257	9.490105	0.061451	0.979429	9.294881	0.20
0.262	9.414610	0.070758	0.976340	9.191859	0.20
0.267	9.333630	0.080806	0.973012	9.081731	0.20
0.273	9.247437	0.091573	0.969456	8.964982	0.20
0.278	9.156382	0.103032	0.965679	8.842129	0.20
0.282	9.060827	0.115155	0.961693	8.713734	0.20
0.287	8.961136	0.127910	0.957510	8.580379	0.20
0.292	8.857676	0.141262	0.953144	8.442640	0.20
0.297	8.750845	0.155179	0.948606	8.301108	0.20
0.302	8.641027	0.169627	0.943908	8.156336	0.20
0.308	8.528567	0.184572	0.939064	8.008867	0.20
0.312	8.413829	0.199982	0.934081	7.859200	0.20
0.317	8.297132	0.215826	0.928975	7.707825	0.20
0.322	8.178793	0.232076	0.923752	7.555180	0.20
0.327	8.059086	0.248705	0.918426	7.401670	0.20
0.332	7.938279	0.265687	0.913004	7.247678	0.20
0.338	7.816625	0.282997	0.907494	7.093540	0.20
0.343	7.694343	0.300615	0.901906	6.939574	0.20
0.347	7.571641	0.318520	0.896245	6.786047	0.20
0.352	7.448715	0.336693	0.890518	6.633212	0.20
0.357	7.325727	0.355117	0.884731	6.481301	0.20
0.362	7.202833	0.373776	0.878891	6.330502	0.20
0.367	7.080164	0.392657	0.873002	6.180995	0.20
0.373	6.957850	0.411746	0.867069	6.032934	0.20
0.377	6.836005	0.431031	0.861097	5.886462	0.20
0.382	6.714730	0.450503	0.855088	5.741686	0.20
0.387	6.594116	0.470151	0.849047	5.598714	0.20
0.392	6.474242	0.489967	0.842976	5.457632	0.20
0.397	6.355177	0.509943	0.836879	5.318516	0.20
0.403	6.236986	0.530074	0.830758	5.181427	0.20
0.407	6.119725	0.550352	0.824615	5.046418	0.20
0.412	6.003440	0.570772	0.818452	4.913529	0.20
0.417	5.888175	0.591332	0.812270	4.782791	0.20
0.422	5.773959	0.612026	0.806072	4.654228	0.20
0.427	5.660823	0.632854	0.799858	4.527854	0.20
0.433	5.548789	0.653813	0.793628	4.403677	0.20
0.438	5.437867	0.674903	0.787385	4.281692	0.20
0.442	5.328068	0.696126	0.781126	4.161892	0.20
0.447	5.219389	0.717483	0.774853	4.044259	0.20
0.452	5.111818	0.738979	0.768564	3.928760	0.20
0.457	5.005342	0.760621	0.762258	3.815364	0.20
0.462	4.899928	0.782419	0.755931	3.704007	0.20
0.468	4.795511	0.804387	0.749581	3.594626	0.20
0.472	4.692026	0.826548	0.743201	3.487117	0.20
0.477	4.589340	0.848932	0.736782	3.381341	0.20
0.482	4.487251	0.871595	0.730309	3.277081	0.20
0.487	4.385412	0.894624	0.723760	3.173984	0.20
0.492	4.283131	0.918198	0.717082	3.071355	0.20
0.498	4.176849	0.942442	0.710148	2.966179	0.20
0.502	3.874580	1.017413	0.689116	2.670033	0.20
0.507	3.953717	0.997398	0.694826	2.747147	0.20
0.512	4.042777	0.975258	0.701166	2.834660	0.20
0.517	4.047089	0.974076	0.701592	2.839404	0.20
0.522	4.048540	0.973587	0.701826	2.841371	0.20
0.527	4.048950	0.973345	0.701998	2.842353	0.20
0.532	4.048903	0.973207	0.702144	2.842911	0.20
0.537	4.048656	0.973107	0.702286	2.843315	0.20
0.542	4.048255	0.973033	0.702431	2.843620	0.20
0.548	4.047773	0.972968	0.702582	2.843890	0.20
0.553	4.047232	0.972903	0.702741	2.844157	0.20
0.558	4.046616	0.972841	0.702911	2.844412	0.20
0.562	4.045907	0.972784	0.703093	2.844650	0.20
0.567	4.045108	0.972729	0.703289	2.844880	0.20
0.572	4.044217	0.972673	0.703502	2.845114	0.20
0.577	4.043185	0.972622	0.703734	2.845326	0.20
0.582	4.042010	0.972569	0.703993	2.845545	0.20
0.587	4.040611	0.972523	0.704284	2.845740	0.20
0.592	4.038943	0.972476	0.704624	2.845936	0.20
0.597	4.036875	0.972435	0.705028	2.846112	0.20
0.602	4.034241	0.972395	0.705531	2.846280	0.20
0.607	4.030775	0.972357	0.706178	2.846443	0.20
0.613	4.026075	0.972323	0.707039	2.846591	0.20
0.618	4.019593	0.972290	0.708214	2.846733	0.20
0.623	4.010554	0.972260	0.709843	2.846863	0.20
0.627	3.997971	0.972233	0.712107	2.846984	0.20
0.632	3.980609	0.972207	0.715241	2.847097	0.20
0.637	3.957026	0.972183	0.719531	2.847202	0.20
0.642	3.925639	0.972162	0.725308	2.847298	0.20
0.647	3.884841	0.972140	0.732950	2.847393	0.20
0.652	3.833131	0.972122	0.742859	2.847474	0.20
0.657	3.769340	0.972105	0.755451	2.847553	0.20
0.662	3.692776	0.972089	0.771134	2.847626	0.20
0.667	3.603394	0.972075	0.790280	2.847692	0.20
0.673	3.501903	0.972062	0.813200	2.847749	0.20
0.678	3.389813	0.972049	0.840107	2.847806	0.20
0.683	3.269356	0.972037	0.871076	2.847857	0.20
0.688	3.143364	0.972027	0.906004	2.847901	0.20
0.692	3.015062	0.972018	0.944571	2.847941	0.20
0.697	2.887804	0.972009	0.986208	2.847976	0.20
0.702	2.764819	0.972000	1.030090	2.848013	0.20
0.707	2.648965	0.971993	1.075153	2.848043	0.20
0.712	2.542544	0.971985	1.120166	2.848072	0.20
0.717	2.447185	0.971978	1.163825	2.848095	0.20
0.722	2.363812	0.971970	1.204885	2.848122	0.20
0.727	2.292666	0.971964	1.242284	2.848142	0.20
0.732	2.233400	0.971958	1.275259	2.848164	0.20
0.738	2.185198	0.971953	1.303398	2.848182	0.20
0.743	2.146918	0.971948	1.326645	2.848198	0.20
0.748	2.117237	0.971942	1.345251	2.848215	0.20
0.752	2.094767	0.971938	1.359687	2.848228	0.20
0.757	2.078168	0.971933	1.370554	2.848243	0.20
0.762	2.066212	0.971928	1.378489	2.848252	0.20
0.767	2.057823	0.971922	1.384115	2.848263	0.20
0.772	2.052097	0.971915	1.387981	2.848271	0.20
0.777	2.048308	0.971908	1.390548	2.848271	0.20
0.782	2.045888	0.971897	1.392189	2.848263	0.20
0.787	2.044404	0.971881	1.393190	2.848242	0.20
0.792	2.043536	0.971858	1.393757	2.848192	0.20
0.797	2.043054	0.971820	1.394042	2.848103	0.20
0.803	2.042789	0.971757	1.394144	2.847942	0.20
0.808	2.042614	0.971651	1.394127	2.847663	0.20
0.812	2.042419	0.971478	1.394025	2.847184	0.20
0.817	2.042099	0.971190	1.393850	2.846380	0.20
0.822	2.041520	0.970712	1.393586	2.845035	0.20
0.827	2.040492	0.969925	1.393197	2.842807	0.20
0.832	2.038720	0.968632	1.392609	2.839139	0.20
0.837	2.035745	0.966519	1.391698	2.833143	0.20
0.842	2.030837	0.963079	1.390264	2.823399	0.20
0.847	2.022845	0.957509	1.387982	2.807673	0.20
0.852	2.009981	0.948536	1.384339	2.782495	0.20
0.857	1.989527	0.934178	1.378530	2.742624	0.20
0.862	1.957506	0.911417	1.369317	2.680446	0.20
0.868	1.908468	0.875815	1.354851	2.585690	0.20
0.873	1.835817	0.821301	1.332543	2.446304	0.20
0.877	1.733478	0.740654	1.299210	2.252151	0.20
0.882	1.599928	0.627976	1.252120	2.003301	0.20
0.887	1.444212	0.484739	1.191829	1.721254	0.20
0.892	1.289051	0.327954	1.126281	1.451833	0.20
0.897	1.162466	0.189260	1.070063	1.243912	0.20
0.902	1.079655	0.093879	1.033414	1.115730	0.20
0.907	1.035333	0.041780	1.014478	1.050323	0.20
0.912	1.014793	0.017507	1.005988	1.020870	0.20
0.917	1.006024	0.007132	1.002427	1.008466	0.20
0.922	1.002423	0.002871	1.000978	1.003403	0.20
0.927	1.000970	0.001150	1.000395	1.001365	0.20
0.933	1.000388	0.000461	1.000160	1.000548	0.20
0.938	1.000154	0.000185	1.000067	1.000221	0.20
0.942	1.000061	0.000075	1.000029	1.000090	0.20
0.947	1.000024	0.000031	1.000014	1.000038	0.20
0.952	1.000009	0.000013	1.000007	1.000016	0.20
0.957	1.000003	0.000006	1.000004	1.000007	0.20
0.962	1.000000	0.000002	1.000003	1.000003	0.20
0.967	1.000000	0.000001	1.000001	1.000001	0.20
0.972	1.000000	0.000000	1.000000	1.000000	0.20
0.977	1.000000	0.000000	1.000000	1.000000	0.20
0.982	1.000000	0.000000	1.000000	1.000000	0.20
0.987	1.000000	0.000000	1.000000	1.000000	0.20
0.993	1.000000	0.000000	1.000000	1.000000	0.20
0.998	1.000000	0.000000	1.000000	1.000000	0.20
