0.001	10.000000	0.000000	1.000000	10.000000	0.20
0.002	10.000000	0.000000	1.000000	10.000000	0.20
0.003	10.000000	0.000000	1.000000	10.000000	0.20
0.004	10.000000	0.000000	1.000000	10.000000	0.20
0.006	10.000000	0.000000	1.000000	10.000000	0.20
0.007	10.000000	0.000000	1.000000	10.000000	0.20
0.008	10.000000	0.000000	1.000000	10.000000	0.20
0.009	10.000000	0.000000	1.000000	10.000000	0.20
0.011	10.000000	0.000000	1.000000	10.000000	0.20
0.012	10.000000	0.000000	1.000000	10.000000	0.20
0.013	10.000000	0.000000	1.000000	10.000000	0.20
0.014	10.000000	0.000000	1.000000	10.000000	0.20
0.016	10.000000	0.000000	1.000000	10.000000	0.20
0.017	10.000000	0.000000	1.000000	10.000000	0.20
0.018	10.000000	0.000000	1.000000	10.000000	0.20
0.019	10.000000	0.000000	1.000000	10.000000	0.20
0.021	10.000000	0.000000	1.000000	10.000000	0.20
0.022	10.000000	0.000000	1.000000	10.000000	0.20
0.023	10.000000	0.000000	1.000000	10.000000	0.20
0.024	10.000000	0.000000	1.000000	10.000000	0.20
0.026	10.000000	0.000000	1.000000	10.000000	0.20
0.027	10.000000	0.000000	1.000000	10.000000	0.20
0.028	10.000000	0.000000	1.000000	10.000000	0.20
0.029	10.000000	0.000000	1.000000	10.000000	0.20
0.031	10.000000	0.000000	1.000000	10.000000	0.20
0.032	10.000000	0.000000	1.000000	10.000000	0.20
0.033	10.000000	0.000000	1.000000	10.000000	0.20
0.034	10.000000	0.000000	1.000000	10.000000	0.20
0.036	10.000000	0.000000	1.000000	10.000000	0.20
0.037	10.000000	0.000000	1.000000	10.000000	0.20
0.038	10.000000	0.000000	1.000000	10.000000	0.20
0.039	10.000000	0.000000	1.000000	10.000000	0.20
0.041	10.000000	0.000000	1.000000	10.000000	0.20
0.042	10.000000	0.000000	1.000000	10.000000	0.20
0.043	10.000000	0.000000	1.000000	10.000000	0.20
0.044	10.000000	0.000000	1.000000	10.000000	0.20
0.046	10.000000	0.000000	1.000000	10.000000	0.20
0.047	10.000000	0.000000	1.000000	10.000000	0.20
0.048	10.000000	0.000000	1.000000	10.000000	0.20
0.049	10.000000	0.000000	1.000000	10.000000	0.20
0.051	10.000000	0.000000	1.000000	10.000000	0.20
0.052	10.000000	0.000000	1.000000	10.000000	0.20
0.053	10.000000	0.000000	1.000000	10.000000	0.20
0.054	10.000000	0.000000	1.000000	10.000000	0.20
0.056	10.000000	0.000000	1.000000	10.000000	0.20
0.057	10.000000	0.000000	1.000000	10.000000	0.20
0.058	10.000000	0.000000	1.000000	10.000000	0.20
0.059	10.000000	0.000000	1.000000	10.000000	0.20
0.061	10.000000	0.000000	1.000000	10.000000	0.20
0.062	10.000000	0.000000	1.000000	10.000000	0.20
0.063	10.000000	0.000000	1.000000	10.000000	0.20
0.064	10.000000	0.000000	1.000000	10.000000	0.20
0.066	10.000000	0.000000	1.000000	10.000000	0.20
0.067	10.000000	0.000000	1.000000	10.000000	0.20
0.068	10.000000	0.000000	1.000000	10.000000	0.20
0.069	10.000000	0.000000	1.000000	10.000000	0.20
0.071	10.000000	0.000000	1.000000	10.000000	0.20
0.072	10.000000	0.000000	1.000000	10.000000	0.20
0.073	10.000000	0.000000	1.000000	10.000000	0.20
0.074	10.000000	0.000000	1.000000	10.000000	0.20
0.076	10.000000	0.000000	1.000000	10.000000	0.20
0.077	10.000000	0.000000	1.000000	10.000000	0.20
0.078	10.000000	0.000000	1.000000	10.000000	0.20
0.079	10.000000	0.000000	1.000000	10.000000	0.20
0.081	10.000000	0.000000	1.000000	10.000000	0.20
0.082	10.000000	0.000000	1.000000	10.000000	0.20
0.083	10.000000	0.000000	1.000000	10.000000	0.20
0.084	10.000000	0.000000	1.000000	10.000000	0.20
0.086	10.000000	0.000000	1.000000	10.000000	0.20
0.087	10.000000	0.000000	1.000000	10.000000	0.20
0.088	10.000000	0.000000	1.000000	10.000000	0.20
0.089	10.000000	0.000000	1.000000	10.000000	0.20
0.091	10.000000	0.000000	1.000000	10.000000	0.20
0.092	10.000000	0.000000	1.000000	10.000000	0.20
0.093	10.000000	0.000000	1.000000	10.000000	0.20
0.094	10.000000	0.000000	1.000000	10.000000	0.20
0.096	10.000000	0.000000	1.000000	10.000000	0.20
0.097	10.000000	0.000000	1.000000	10.000000	0.20
0.098	10.000000	0.000000	1.000000	10.000000	0.20
0.099	10.000000	0.000000	1.000000	10.000000	0.20
0.101	10.000000	0.000000	1.000000	10.000000	0.20
0.102	10.000000	0.000000	1.000000	10.000000	0.20
0.103	10.000000	0.000000	1.000000	10.000000	0.20
0.104	10.000000	0.000000	1.000000	10.000000	0.20
0.106	10.000000	0.000000	1.000000	10.000000	0.20
0.107	10.000000	0.000000	1.000000	10.000000	0.20
0.108	10.000000	0.000000	1.000000	10.000000	0.20
0.109	10.000000	0.000000	1.000000	10.000000	0.20
0.111	10.000000	0.000000	1.000000	10.000000	0.20
0.112	10.000000	0.000000	1.000000	10.000000	0.20
0.113	10.000000	0.000000	1.000000	10.000000	0.20
0.114	10.000000	0.000000	1.000000	10.000000	0.20
0.116	10.000000	0.000000	1.000000	10.000000	0.20
0.117	10.000000	0.000000	1.000000	10.000000	0.20
0.118	10.000000	0.000000	1.000000	10.000000	0.20
0.119	10.000000	0.000000	1.000000	10.000000	0.20
0.121	10.000000	0.000000	1.000000	10.000000	0.20
0.122	10.000000	0.000000	1.000000	10.000000	0.20
0.123	10.000000	0.000000	1.000000	10.000000	0.20
0.124	10.000000	0.000000	1.000000	10.000000	0.20
0.126	10.000000	0.000000	1.000000	10.000000	0.20
0.127	10.000000	0.000000	1.000000	10.000000	0.20
0.128	10.000000	0.000000	1.000000	10.000000	0.20
0.129	10.000000	0.000000	1.000000	10.000000	0.20
0.131	10.000000	0.000000	1.000000	10.000000	0.20
0.132	10.000000	0.000000	1.000000	10.000000	0.20
0.133	10.000000	0.000000	1.000000	10.000000	0.20
0.134	10.000000	0.000000	1.000000	10.000000	0.20
0.136	10.000000	0.000000	1.000000	10.000000	0.20
0.137	10.000000	0.000000	1.000000	10.000000	0.20
0.138	10.000000	0.000000	1.000000	10.000000	0.20
0.139	10.000000	0.000000	1.000000	10.000000	0.20
0.141	10.000000	0.000000	1.000000	10.000000	0.20
0.142	10.000000	0.000000	1.000000	10.000000	0.20
0.143	10.000000	0.000000	1.000000	10.000000	0.20
0.144	10.000000	0.000000	1.000000	10.000000	0.20
0.146	10.000000	0.000000	1.000000	10.000000	0.20
0.147	10.000000	0.000000	1.000000	10.000000	0.20
0.148	10.000000	0.000000	1.000000	10.000000	0.20
0.149	10.000000	0.000000	1.000000	10.000000	0.20
0.151	10.000000	0.000000	1.000000	10.000000	0.20
0.152	10.000000	0.000000	1.000000	10.000000	0.20
0.153	10.000000	0.000000	1.000000	10.000000	0.20
0.154	10.000000	0.000000	1.000000	10.000000	0.20
0.156	10.000000	0.000000	1.000000	10.000000	0.20
0.157	10.000000	0.000000	1.000000	10.000000	0.20
0.158	10.000000	0.000000	1.000000	10.000000	0.20
0.159	10.000000	0.000000	1.000000	10.000000	0.20
0.161	10.000000	0.000000	1.000000	10.000000	0.20
0.162	10.000000	0.000000	1.000000	10.000000	0.20
0.163	10.000000	0.000000	1.000000	10.000000	0.20
0.164	10.000000	0.000000	1.000000	10.000000	0.20
0.166	10.000000	0.000000	1.000000	10.000000	0.20
0.167	10.000000	0.000000	1.000000	10.000000	0.20
0.168	10.000000	0.000000	1.000000	10.000000	0.20
0.169	10.000000	0.000000	1.000000	10.000000	0.20
0.171	10.000000	0.000000	1.000000	10.000000	0.20
0.172	10.000000	0.000000	1.000000	10.000000	0.20
0.173	10.000000	0.000000	1.000000	10.000000	0.20
0.174	10.000000	0.000000	1.000000	10.000000	0.20
0.176	10.000000	0.000000	1.000000	10.000000	0.20
0.177	10.000000	0.000000	1.000000	10.000000	0.20
0.178	10.000000	0.000000	1.000000	9.999999	0.20
0.179	9.999999	0.000000	1.000000	9.999999	0.20
0.181	9.999999	0.000000	1.000000	9.999999	0.20
0.182	9.999999	0.000000	1.000000	9.999998	0.20
0.183	9.999998	0.000000	1.000000	9.999998	0.20
0.184	9.999998	0.000000	1.000000	9.999997	0.20
0.186	9.999997	0.000000	1.000000	9.999995	0.20
0.187	9.999995	0.000001	1.000000	9.999993	0.20
0.188	9.999993	0.000001	1.000000	9.999991	0.20
0.189	9.999991	0.000001	1.000000	9.999987	0.20
0.191	9.999988	0.000001	1.000000	9.999983	0.20
0.192	9.999983	0.000002	0.999999	9.999977	0.20
0.193	9.999977	0.000003	0.999999	9.999968	0.20
0.194	9.999970	0.000004	0.999999	9.999957	0.20
0.196	9.999959	0.000005	0.999998	9.999943	0.20
0.197	9.999946	0.000006	0.999998	9.999924	0.20
0.198	9.999928	0.000009	0.999997	9.999899	0.20
0.199	9.999905	0.000011	0.999996	9.999867	0.20
0.201	9.999875	0.000015	0.999995	9.999825	0.20
0.202	9.999836	0.000019	0.999993	9.999770	0.20
0.203	9.999786	0.000025	0.999991	9.999701	0.20
0.204	9.999723	0.000033	0.999989	9.999612	0.20
0.206	9.999642	0.000042	0.999986	9.999499	0.20
0.207	9.999540	0.000054	0.999982	9.999356	0.20
0.208	9.999412	0.000070	0.999976	9.999177	0.20
0.209	9.999252	0.000089	0.999970	9.998953	0.20
0.211	9.999053	0.000112	0.999962	9.998674	0.20
0.212	9.998806	0.000141	0.999952	9.998328	0.20
0.213	9.998502	0.000177	0.999940	9.997902	0.20
0.214	9.998129	0.000221	0.999925	9.997381	0.20
0.216	9.997675	0.000275	0.999907	9.996745	0.20
0.217	9.997125	0.000340	0.999885	9.995975	0.20
0.218	9.996461	0.000419	0.999858	9.995046	0.20
0.219	9.995665	0.000513	0.999827	9.993932	0.20
0.221	9.994715	0.000625	0.999789	9.992602	0.20
0.222	9.993588	0.000759	0.999744	9.991025	0.20
0.223	9.992258	0.000916	0.999690	9.989163	0.20
0.224	9.990696	0.001101	0.999628	9.986977	0.20
0.226	9.988871	0.001317	0.999555	9.984424	0.20
0.227	9.986752	0.001568	0.999470	9.981458	0.20
0.228	9.984302	0.001858	0.999372	9.978031	0.20
0.229	9.981486	0.002192	0.999259	9.974092	0.20
0.231	9.978266	0.002574	0.999130	9.969588	0.20
0.232	9.974602	0.003008	0.998984	9.964464	0.20
0.233	9.970455	0.003500	0.998818	9.958665	0.20
0.234	9.965784	0.004053	0.998630	9.952136	0.20
0.236	9.960550	0.004674	0.998421	9.944820	0.20
0.237	9.954713	0.005367	0.998187	9.936665	0.20
0.238	9.948236	0.006136	0.997927	9.927616	0.20
0.239	9.941081	0.006986	0.997640	9.917624	0.20
0.241	9.933214	0.007922	0.997325	9.906642	0.20
0.242	9.924604	0.008946	0.996979	9.894626	0.20
0.243	9.915222	0.010063	0.996603	9.881538	0.20
0.244	9.905041	0.011275	0.996194	9.867342	0.20
0.246	9.894041	0.012587	0.995752	9.852009	0.20
0.247	9.882201	0.013999	0.995276	9.835516	0.20
0.248	9.869509	0.015515	0.994765	9.817843	0.20
0.249	9.855953	0.017136	0.994219	9.798979	0.20
0.251	9.841526	0.018863	0.993638	9.778916	0.20
0.252	9.826227	0.020696	0.993021	9.757652	0.20
0.253	9.810056	0.022636	0.992369	9.735191	0.20
0.254	9.793017	0.024683	0.991680	9.711543	0.20
0.256	9.775119	0.026837	0.990957	9.686721	0.20
0.257	9.756374	0.029095	0.990198	9.660742	0.20
0.258	9.736794	0.031458	0.989405	9.633631	0.20
0.259	9.716397	0.033923	0.988578	9.605412	0.20
0.261	9.695203	0.036489	0.987717	9.576115	0.20
0.262	9.673231	0.039153	0.986823	9.545771	0.20
0.263	9.650505	0.041914	0.985898	9.514416	0.20
0.264	9.627049	0.044769	0.984942	9.482085	0.20
0.266	9.602888	0.047716	0.983956	9.448817	0.20
0.267	9.578048	0.050751	0.982940	9.414650	0.20
0.268	9.552557	0.053873	0.981897	9.379623	0.20
0.269	9.526441	0.057078	0.980826	9.343778	0.20
0.271	9.499727	0.060363	0.979729	9.307154	0.20
0.272	9.472444	0.063726	0.978606	9.269793	0.20
0.273	9.444618	0.067164	0.977460	9.231733	0.20
0.274	9.416276	0.070674	0.976290	9.193015	0.20
0.276	9.387446	0.074253	0.975098	9.153678	0.20
0.277	9.358152	0.077898	0.973884	9.113758	0.20
0.278	9.328421	0.081607	0.972651	9.073295	0.20
0.279	9.298278	0.085377	0.971397	9.032322	0.20
0.281	9.267745	0.089206	0.970126	8.990876	0.20
0.282	9.236848	0.093091	0.968836	8.948991	0.20
0.283	9.205607	0.097029	0.967530	8.906698	0.20
0.284	9.174046	0.101019	0.966207	8.864029	0.20
0.286	9.142184	0.105057	0.964869	8.821014	0.20
0.287	9.110042	0.109143	0.963517	8.777681	0.20
0.288	9.077639	0.113273	0.962151	8.734059	0.20
0.289	9.044993	0.117446	0.960772	8.690174	0.20
0.291	9.012122	0.121660	0.959380	8.646050	0.20
0.292	8.979043	0.125913	0.957976	8.601711	0.20
0.293	8.945771	0.130204	0.956562	8.557181	0.20
0.294	8.912322	0.134530	0.955136	8.512481	0.20
0.296	8.878711	0.138890	0.953700	8.467631	0.20
0.297	8.844951	0.143283	0.952255	8.422650	0.20
0.298	8.811054	0.147707	0.950801	8.377558	0.20
0.299	8.777035	0.152161	0.949338	8.332372	0.20
0.301	8.742904	0.156644	0.947867	8.287108	0.20
0.302	8.708673	0.161153	0.946388	8.241783	0.20
0.303	8.674352	0.165689	0.944902	8.196410	0.20
0.304	8.639952	0.170249	0.943408	8.151004	0.20
0.306	8.605482	0.174833	0.941909	8.105578	0.20
0.307	8.570951	0.179440	0.940403	8.060145	0.20
0.308	8.536368	0.184069	0.938891	8.014717	0.20
0.309	8.501741	0.188719	0.937373	7.969304	0.20
0.311	8.467077	0.193389	0.935850	7.923918	0.20
0.312	8.432385	0.198078	0.934323	7.878568	0.20
0.313	8.397671	0.202786	0.932790	7.833264	0.20
0.314	8.362941	0.207511	0.931253	7.788015	0.20
0.316	8.328202	0.212253	0.929712	7.742828	0.20
0.317	8.293459	0.217012	0.928167	7.697713	0.20
0.318	8.258719	0.221786	0.926618	7.652676	0.20
0.319	8.223987	0.226576	0.925065	7.607724	0.20
0.321	8.189267	0.231379	0.923509	7.562865	0.20
0.322	8.154565	0.236197	0.921950	7.518103	0.20
0.323	8.119884	0.241028	0.920388	7.473446	0.20
0.324	8.085230	0.245872	0.918823	7.428899	0.20
0.326	8.050606	0.250728	0.917256	7.384466	0.20
0.327	8.016017	0.255596	0.915686	7.340154	0.20
0.328	7.981465	0.260475	0.914114	7.295966	0.20
0.329	7.946954	0.265366	0.912539	7.251906	0.20
0.331	7.912488	0.270268	0.910963	7.207980	0.20
0.332	7.878069	0.275179	0.909384	7.164191	0.20
0.333	7.843701	0.280101	0.907804	7.120541	0.20
0.334	7.809386	0.285032	0.906222	7.077036	0.20
0.336	7.775128	0.289973	0.904638	7.033678	0.20
0.337	7.740928	0.294922	0.903053	6.990469	0.20
0.338	7.706789	0.299880	0.901467	6.947414	0.20
0.339	7.672713	0.304847	0.899879	6.904514	0.20
0.341	7.638702	0.309821	0.898290	6.861772	0.20
0.342	7.604759	0.314804	0.896700	6.819190	0.20
0.343	7.570885	0.319794	0.895109	6.776770	0.20
0.344	7.537082	0.324791	0.893518	6.734515	0.20
0.346	7.503353	0.329796	0.891925	6.692427	0.20
0.347	7.469697	0.334807	0.890331	6.650506	0.20
0.348	7.436118	0.339826	0.888737	6.608755	0.20
0.349	7.402617	0.344850	0.887142	6.567176	0.20
0.351	7.369194	0.349881	0.885547	6.525769	0.20
0.352	7.335852	0.354919	0.883951	6.484536	0.20
0.353	7.302592	0.359962	0.882355	6.443478	0.20
0.354	7.269414	0.365011	0.880758	6.402597	0.20
0.356	7.236320	0.370065	0.879161	6.361894	0.20
0.357	7.203311	0.375126	0.877564	6.321368	0.20
0.358	7.170389	0.380191	0.875967	6.281022	0.20
0.359	7.137553	0.385262	0.874369	6.240856	0.20
0.361	7.104805	0.390337	0.872771	6.200871	0.20
0.362	7.072147	0.395418	0.871174	6.161067	0.20
0.363	7.039577	0.400503	0.869576	6.121445	0.20
0.364	7.007098	0.405593	0.867978	6.082006	0.20
0.366	6.974711	0.410688	0.866380	6.042750	0.20
0.367	6.942415	0.415787	0.864782	6.003677	0.20
0.368	6.910211	0.420891	0.863185	5.964789	0.20
0.369	6.878101	0.425999	0.861587	5.926084	0.20
0.371	6.846085	0.431110	0.859990	5.887564	0.20
0.372	6.814162	0.436226	0.858393	5.849229	0.20
0.373	6.782334	0.441346	0.856796	5.811079	0.20
0.374	6.750602	0.446470	0.855200	5.773113	0.20
0.376	6.718965	0.451598	0.853604	5.735333	0.20
0.377	6.687424	0.456729	0.852008	5.697738	0.20
0.378	6.655980	0.461864	0.850412	5.660328	0.20
0.379	6.624633	0.467002	0.848817	5.623103	0.20
0.381	6.593383	0.472144	0.847223	5.586064	0.20
0.382	6.562230	0.477290	0.845629	5.549209	0.20
0.383	6.531176	0.482439	0.844035	5.512540	0.20
0.384	6.500219	0.487591	0.842442	5.476055	0.20
0.386	6.469361	0.492746	0.840849	5.439755	0.20
0.387	6.438601	0.497905	0.839257	5.403640	0.20
0.388	6.407941	0.503066	0.837665	5.367709	0.20
0.389	6.377379	0.508231	0.836074	5.331962	0.20
0.391	6.346916	0.513398	0.834484	5.296399	0.20
0.392	6.316553	0.518569	0.832894	5.261019	0.20
0.393	6.286290	0.523743	0.831305	5.225823	0.20
0.394	6.256126	0.528919	0.829716	5.190810	0.20
0.396	6.226062	0.534098	0.828128	5.155979	0.20
0.397	6.196098	0.539280	0.826541	5.121330	0.20
0.398	6.166233	0.544465	0.824955	5.086864	0.20
0.399	6.136469	0.549652	0.823369	5.052578	0.20
0.401	6.106805	0.554842	0.821784	5.018474	0.20
0.402	6.077241	0.560035	0.820200	4.984551	0.20
0.403	6.047777	0.565230	0.818616	4.950807	0.20
0.404	6.018414	0.570428	0.817033	4.917244	0.20
0.406	5.989150	0.575628	0.815451	4.883860	0.20
0.407	5.959987	0.580831	0.813870	4.850654	0.20
0.408	5.930925	0.586036	0.812289	4.817627	0.20
0.409	5.901962	0.591244	0.810710	4.784778	0.20
0.411	5.873099	0.596454	0.809131	4.752106	0.20
0.412	5.844337	0.601667	0.807553	4.719611	0.20
0.413	5.815675	0.606882	0.805976	4.687292	0.20
0.414	5.787112	0.612099	0.804399	4.655149	0.20
0.416	5.758650	0.617318	0.802824	4.623181	0.20
0.417	5.730287	0.622540	0.801249	4.591387	0.20
0.418	5.702025	0.627764	0.799675	4.559768	0.20
0.419	5.673862	0.632991	0.798102	4.528322	0.20
0.421	5.645798	0.638219	0.796530	4.497049	0.20
0.422	5.617834	0.643450	0.794959	4.465948	0.20
0.423	5.589969	0.648683	0.793389	4.435019	0.20
0.424	5.562204	0.653919	0.791819	4.404261	0.20
0.426	5.534537	0.659156	0.790251	4.373673	0.20
0.427	5.506970	0.664396	0.788683	4.343255	0.20
0.428	5.479501	0.669638	0.787117	4.313006	0.20
0.429	5.452131	0.674882	0.785551	4.282926	0.20
0.431	5.424859	0.680128	0.783986	4.253013	0.20
0.432	5.397686	0.685377	0.782422	4.223268	0.20
0.433	5.370610	0.690627	0.780859	4.193689	0.20
0.434	5.343633	0.695880	0.779297	4.164276	0.20
0.436	5.316753	0.701135	0.777736	4.135028	0.20
0.437	5.289970	0.706392	0.776175	4.105944	0.20
0.438	5.263285	0.711652	0.774616	4.077024	0.20
0.439	5.236697	0.716913	0.773057	4.048267	0.20
0.441	5.210205	0.722177	0.771500	4.019672	0.20
0.442	5.183810	0.727443	0.769943	3.991239	0.20
0.443	5.157511	0.732711	0.768387	3.962967	0.20
0.444	5.131308	0.737982	0.766833	3.934855	0.20
0.446	5.105201	0.743255	0.765279	3.906902	0.20
0.447	5.079189	0.748530	0.763726	3.879108	0.20
0.448	5.053272	0.753807	0.762174	3.851471	0.20
0.449	5.027450	0.759087	0.760622	3.823991	0.20
0.451	5.001723	0.764369	0.759072	3.796668	0.20
0.452	4.976089	0.769653	0.757523	3.769500	0.20
0.453	4.950550	0.774940	0.755974	3.742487	0.20
0.454	4.925103	0.780230	0.754426	3.715627	0.20
0.456	4.899750	0.785522	0.752879	3.688920	0.20
0.457	4.874489	0.790816	0.751333	3.662366	0.20
0.458	4.849320	0.796113	0.749788	3.635962	0.20
0.459	4.824243	0.801413	0.748244	3.609708	0.20
0.461	4.799257	0.806716	0.746700	3.583604	0.20
0.462	4.774361	0.812021	0.745157	3.557649	0.20
0.463	4.749556	0.817330	0.743615	3.531840	0.20
0.464	4.724840	0.822641	0.742073	3.506178	0.20
0.466	4.700213	0.827956	0.740533	3.480661	0.20
0.467	4.675675	0.833274	0.738992	3.455288	0.20
0.468	4.651224	0.838595	0.737453	3.430059	0.20
0.469	4.626859	0.843919	0.735914	3.404971	0.20
0.471	4.602581	0.849248	0.734376	3.380023	0.20
0.472	4.578387	0.854580	0.732838	3.355216	0.20
0.473	4.554278	0.859916	0.731300	3.330546	0.20
0.474	4.530252	0.865256	0.729763	3.306012	0.20
0.476	4.506307	0.870601	0.728227	3.281613	0.20
0.477	4.482443	0.875951	0.726690	3.257348	0.20
0.478	4.458658	0.881306	0.725154	3.233213	0.20
0.479	4.434950	0.886666	0.723618	3.209208	0.20
0.481	4.411318	0.892032	0.722081	3.185330	0.20
0.482	4.387758	0.897405	0.720545	3.161576	0.20
0.483	4.364269	0.902784	0.719008	3.137943	0.20
0.484	4.340848	0.908172	0.717470	3.114429	0.20
0.486	4.317491	0.913568	0.715932	3.091029	0.20
0.487	4.294193	0.918973	0.714392	3.067739	0.20
0.488	4.270950	0.924390	0.712851	3.044553	0.20
0.489	4.247754	0.929819	0.711308	3.021463	0.20
0.491	4.224596	0.935263	0.709763	2.998462	0.20
0.492	4.201465	0.940725	0.708214	2.975537	0.20
0.493	4.178344	0.946208	0.706661	2.952672	0.20
0.494	4.155209	0.951719	0.705101	2.929843	0.20
0.496	4.132021	0.957268	0.703533	2.907012	0.20
0.497	4.108713	0.962871	0.701951	2.884115	0.20
0.498	4.085154	0.968560	0.700346	2.861021	0.20
0.499	4.060820	0.974387	0.698694	2.837272	0.20
0.501	3.964201	0.998216	0.691992	2.743197	0.20
0.502	3.957669	0.999831	0.691544	2.736902	0.20
0.503	4.064133	0.973633	0.698935	2.840566	0.20
0.504	4.066014	0.973167	0.699073	2.842441	0.20
0.506	4.066648	0.973004	0.699125	2.843095	0.20
0.507	4.067028	0.972904	0.699159	2.843500	0.20
0.508	4.067309	0.972827	0.699187	2.843810	0.20
0.509	4.067550	0.972760	0.699212	2.844082	0.20
0.511	4.067775	0.972696	0.699237	2.844337	0.20
0.512	4.067989	0.972636	0.699260	2.844583	0.20
0.513	4.068196	0.972577	0.699283	2.844821	0.20
0.514	4.068393	0.972519	0.699306	2.845052	0.20
0.516	4.068581	0.972465	0.699328	2.845273	0.20
0.517	4.068757	0.972413	0.699350	2.845483	0.20
0.518	4.068921	0.972363	0.699370	2.845683	0.20
0.519	4.069073	0.972317	0.699390	2.845870	0.20
0.521	4.069212	0.972274	0.699410	2.846046	0.20
0.522	4.069338	0.972233	0.699428	2.846209	0.20
0.523	4.069452	0.972196	0.699446	2.846361	0.20
0.524	4.069554	0.972161	0.699463	2.846502	0.20
0.526	4.069644	0.972129	0.699479	2.846632	0.20
0.527	4.069723	0.972099	0.699495	2.846753	0.20
0.528	4.069793	0.972072	0.699511	2.846863	0.20
0.529	4.069853	0.972047	0.699525	2.846966	0.20
0.531	4.069904	0.972024	0.699540	2.847060	0.20
0.532	4.069946	0.972002	0.699554	2.847146	0.20
0.533	4.069981	0.971983	0.699567	2.847226	0.20
0.534	4.070009	0.971965	0.699581	2.847300	0.20
0.536	4.070030	0.971948	0.699594	2.847367	0.20
0.537	4.070045	0.971933	0.699606	2.847430	0.20
0.538	4.070055	0.971919	0.699619	2.847487	0.20
0.539	4.070059	0.971906	0.699631	2.847540	0.20
0.541	4.070058	0.971894	0.699643	2.847589	0.20
0.542	4.070052	0.971883	0.699655	2.847634	0.20
0.543	4.070042	0.971873	0.699667	2.847676	0.20
0.544	4.070029	0.971863	0.699679	2.847715	0.20
0.546	4.070011	0.971855	0.699691	2.847750	0.20
0.547	4.069990	0.971847	0.699703	2.847784	0.20
0.548	4.069965	0.971839	0.699715	2.847814	0.20
0.549	4.069938	0.971833	0.699726	2.847843	0.20
0.551	4.069907	0.971826	0.699738	2.847870	0.20
0.552	4.069873	0.971820	0.699750	2.847894	0.20
0.553	4.069837	0.971815	0.699762	2.847917	0.20
0.554	4.069798	0.971810	0.699774	2.847939	0.20
0.556	4.069757	0.971805	0.699786	2.847959	0.20
0.557	4.069713	0.971801	0.699798	2.847977	0.20
0.558	4.069666	0.971797	0.699810	2.847995	0.20
0.559	4.069618	0.971793	0.699823	2.848011	0.20
0.561	4.069567	0.971789	0.699835	2.848026	0.20
0.562	4.069514	0.971786	0.699848	2.848041	0.20
0.563	4.069459	0.971783	0.699861	2.848054	0.20
0.564	4.069402	0.971780	0.699873	2.848067	0.20
0.566	4.069343	0.971777	0.699887	2.848078	0.20
0.567	4.069281	0.971775	0.699900	2.848090	0.20
0.568	4.069218	0.971773	0.699913	2.848100	0.20
0.569	4.069153	0.971770	0.699927	2.848110	0.20
0.571	4.069085	0.971768	0.699941	2.848119	0.20
0.572	4.069016	0.971766	0.699955	2.848128	0.20
0.573	4.068944	0.971765	0.699969	2.848136	0.20
0.574	4.068871	0.971763	0.699984	2.848144	0.20
0.576	4.068795	0.971761	0.699999	2.848152	0.20
0.577	4.068717	0.971760	0.700014	2.848159	0.20
0.578	4.068637	0.971759	0.700029	2.848165	0.20
0.579	4.068555	0.971757	0.700045	2.848172	0.20
0.581	4.068471	0.971756	0.700061	2.848178	0.20
0.582	4.068384	0.971755	0.700077	2.848183	0.20
0.583	4.068295	0.971754	0.700094	2.848189	0.20
0.584	4.068204	0.971753	0.700111	2.848194	0.20
0.586	4.068110	0.971752	0.700128	2.848199	0.20
0.587	4.068014	0.971751	0.700146	2.848204	0.20
0.588	4.067915	0.971750	0.700164	2.848208	0.20
0.589	4.067814	0.971750	0.700182	2.848212	0.20
0.591	4.067710	0.971749	0.700201	2.848216	0.20
0.592	4.067604	0.971748	0.700221	2.848220	0.20
0.593	4.067494	0.971747	0.700240	2.848224	0.20
0.594	4.067382	0.971747	0.700261	2.848228	0.20
0.596	4.067266	0.971746	0.700281	2.848231	0.20
0.597	4.067148	0.971746	0.700303	2.848235	0.20
0.598	4.067026	0.971745	0.700324	2.848238	0.20
0.599	4.066901	0.971745	0.700347	2.848241	0.20
0.601	4.066772	0.971744	0.700370	2.848244	0.20
0.602	4.066640	0.971744	0.700393	2.848247	0.20
0.603	4.066503	0.971744	0.700417	2.848250	0.20
0.604	4.066363	0.971743	0.700442	2.848252	0.20
0.606	4.066219	0.971743	0.700468	2.848255	0.20
0.607	4.066071	0.971743	0.700494	2.848257	0.20
0.608	4.065918	0.971742	0.700521	2.848260	0.20
0.609	4.065760	0.971742	0.700548	2.848262	0.20
0.611	4.065598	0.971742	0.700577	2.848264	0.20
0.612	4.065430	0.971742	0.700606	2.848267	0.20
0.613	4.065257	0.971742	0.700637	2.848269	0.20
0.614	4.065079	0.971741	0.700668	2.848271	0.20
0.616	4.064894	0.971741	0.700700	2.848273	0.20
0.617	4.064703	0.971741	0.700734	2.848275	0.20
0.618	4.064506	0.971741	0.700768	2.848277	0.20
0.619	4.064302	0.971741	0.700804	2.848279	0.20
0.621	4.064090	0.971741	0.700841	2.848281	0.20
0.622	4.063870	0.971741	0.700879	2.848283	0.20
0.623	4.063642	0.971740	0.700919	2.848285	0.20
0.624	4.063405	0.971740	0.700960	2.848286	0.20
0.626	4.063159	0.971740	0.701003	2.848288	0.20
0.627	4.062902	0.971740	0.701048	2.848290	0.20
0.628	4.062635	0.971740	0.701095	2.848291	0.20
0.629	4.062355	0.971740	0.701143	2.848293	0.20
0.631	4.062062	0.971740	0.701194	2.848295	0.20
0.632	4.061754	0.971740	0.701248	2.848296	0.20
0.633	4.061430	0.971740	0.701304	2.848298	0.20
0.634	4.061088	0.971740	0.701364	2.848299	0.20
0.636	4.060724	0.971740	0.701427	2.848301	0.20
0.637	4.060336	0.971740	0.701494	2.848302	0.20
0.638	4.059919	0.971740	0.701567	2.848304	0.20
0.639	4.059468	0.971740	0.701645	2.848305	0.20
0.641	4.058977	0.971740	0.701730	2.848307	0.20
0.642	4.058436	0.971740	0.701824	2.848308	0.20
0.643	4.057836	0.971740	0.701928	2.848310	0.20
0.644	4.057161	0.971740	0.702045	2.848311	0.20
0.646	4.056396	0.971740	0.702178	2.848313	0.20
0.647	4.055518	0.971741	0.702330	2.848314	0.20
0.648	4.054502	0.971741	0.702507	2.848315	0.20
0.649	4.053314	0.971741	0.702713	2.848317	0.20
0.651	4.051915	0.971741	0.702956	2.848318	0.20
0.652	4.050257	0.971741	0.703244	2.848320	0.20
0.653	4.048281	0.971741	0.703588	2.848321	0.20
0.654	4.045919	0.971741	0.703999	2.848322	0.20
0.656	4.043091	0.971741	0.704492	2.848324	0.20
0.657	4.039703	0.971741	0.705083	2.848325	0.20
0.658	4.035647	0.971741	0.705792	2.848326	0.20
0.659	4.030799	0.971741	0.706641	2.848328	0.20
0.661	4.025023	0.971742	0.707655	2.848329	0.20
0.662	4.018164	0.971742	0.708864	2.848330	0.20
0.663	4.010055	0.971742	0.710297	2.848332	0.20
0.664	4.000514	0.971742	0.711992	2.848333	0.20
0.666	3.989347	0.971742	0.713985	2.848334	0.20
0.667	3.976351	0.971742	0.716319	2.848336	0.20
0.668	3.961317	0.971742	0.719038	2.848337	0.20
0.669	3.944034	0.971743	0.722189	2.848338	0.20
0.671	3.924292	0.971743	0.725822	2.848339	0.20
0.672	3.901890	0.971743	0.729990	2.848341	0.20
0.673	3.876639	0.971743	0.734745	2.848342	0.20
0.674	3.848371	0.971743	0.740143	2.848343	0.20
0.676	3.816943	0.971743	0.746237	2.848345	0.20
0.677	3.782244	0.971744	0.753084	2.848346	0.20
0.678	3.744199	0.971744	0.760736	2.848347	0.20
0.679	3.702780	0.971744	0.769246	2.848348	0.20
0.681	3.658002	0.971744	0.778663	2.848349	0.20
0.682	3.609934	0.971744	0.789031	2.848351	0.20
0.683	3.558698	0.971744	0.800392	2.848352	0.20
0.684	3.504468	0.971745	0.812778	2.848353	0.20
0.686	3.447473	0.971745	0.826215	2.848354	0.20
0.687	3.387992	0.971745	0.840721	2.848355	0.20
0.688	3.326351	0.971745	0.856301	2.848357	0.20
0.689	3.262918	0.971746	0.872948	2.848358	0.20
0.691	3.198094	0.971746	0.890642	2.848359	0.20
0.692	3.132310	0.971746	0.909348	2.848360	0.20
0.693	3.066013	0.971746	0.929011	2.848361	0.20
0.694	2.999659	0.971746	0.949562	2.848362	0.20
0.696	2.933704	0.971747	0.970910	2.848363	0.20
0.697	2.868596	0.971747	0.992947	2.848364	0.20
0.698	2.804760	0.971747	1.015547	2.848365	0.20
0.699	2.742598	0.971747	1.038565	2.848366	0.20
0.701	2.682475	0.971748	1.061843	2.848367	0.20
0.702	2.624715	0.971748	1.085210	2.848368	0.20
0.703	2.569599	0.971748	1.108488	2.848369	0.20
0.704	2.517356	0.971748	1.131493	2.848370	0.20
0.706	2.468166	0.971748	1.154043	2.848370	0.20
0.707	2.422159	0.971749	1.175964	2.848371	0.20
0.708	2.379413	0.971749	1.197090	2.848372	0.20
0.709	2.339957	0.971749	1.217276	2.848373	0.20
0.711	2.303778	0.971749	1.236393	2.848374	0.20
0.712	2.270819	0.971750	1.254338	2.848375	0.20
0.713	2.240991	0.971750	1.271034	2.848376	0.20
0.714	2.214170	0.971750	1.286431	2.848377	0.20
0.716	2.190209	0.971750	1.300505	2.848377	0.20
0.717	2.168942	0.971751	1.313257	2.848378	0.20
0.718	2.150188	0.971751	1.324712	2.848379	0.20
0.719	2.133754	0.971751	1.334915	2.848380	0.20
0.721	2.119448	0.971752	1.343926	2.848381	0.20
0.722	2.107072	0.971752	1.351820	2.848382	0.20
0.723	2.096435	0.971752	1.358679	2.848382	0.20
0.724	2.087352	0.971752	1.364592	2.848383	0.20
0.726	2.079644	0.971753	1.369650	2.848384	0.20
0.727	2.073145	0.971753	1.373944	2.848385	0.20
0.728	2.067701	0.971753	1.377562	2.848386	0.20
0.729	2.063170	0.971753	1.380587	2.848387	0.20
0.731	2.059424	0.971754	1.383099	2.848387	0.20
0.732	2.056346	0.971754	1.385170	2.848388	0.20
0.733	2.053834	0.971754	1.386864	2.848389	0.20
0.734	2.051798	0.971755	1.388241	2.848390	0.20
0.736	2.050158	0.971755	1.389352	2.848391	0.20
0.737	2.048847	0.971755	1.390241	2.848392	0.20
0.738	2.047806	0.971756	1.390949	2.848393	0.20
0.739	2.046985	0.971756	1.391506	2.848394	0.20
0.741	2.046344	0.971756	1.391943	2.848395	0.20
0.742	2.045846	0.971756	1.392283	2.848395	0.20
0.743	2.045463	0.971757	1.392544	2.848396	0.20
0.744	2.045171	0.971757	1.392743	2.848397	0.20
0.746	2.044950	0.971757	1.392894	2.848398	0.20
0.747	2.044786	0.971758	1.393006	2.848399	0.20
0.748	2.044664	0.971758	1.393089	2.848400	0.20
0.749	2.044576	0.971758	1.393150	2.848401	0.20
0.751	2.044514	0.971759	1.393193	2.848402	0.20
0.752	2.044470	0.971759	1.393223	2.848403	0.20
0.753	2.044441	0.971759	1.393244	2.848404	0.20
0.754	2.044422	0.971760	1.393257	2.848405	0.20
0.756	2.044410	0.971760	1.393265	2.848406	0.20
0.757	2.044405	0.971760	1.393270	2.848407	0.20
0.758	2.044403	0.971761	1.393271	2.848408	0.20
0.759	2.044404	0.971761	1.393271	2.848409	0.20
0.761	2.044406	0.971761	1.393270	2.848410	0.20
0.762	2.044410	0.971762	1.393268	2.848411	0.20
0.763	2.044414	0.971762	1.393266	2.848412	0.20
0.764	2.044418	0.971762	1.393263	2.848413	0.20
0.766	2.044423	0.971763	1.393261	2.848414	0.20
0.767	2.044428	0.971763	1.393258	2.848415	0.20
0.768	2.044432	0.971764	1.393255	2.848416	0.20
0.769	2.044436	0.971764	1.393253	2.848417	0.20
0.771	2.044441	0.971764	1.393251	2.848418	0.20
0.772	2.044444	0.971765	1.393249	2.848419	0.20
0.773	2.044448	0.971765	1.393247	2.848421	0.20
0.774	2.044451	0.971765	1.393245	2.848422	0.20
0.776	2.044454	0.971766	1.393244	2.848423	0.20
0.777	2.044457	0.971766	1.393242	2.848424	0.20
0.778	2.044460	0.971767	1.393241	2.848425	0.20
0.779	2.044462	0.971767	1.393240	2.848426	0.20
0.781	2.044465	0.971767	1.393239	2.848427	0.20
0.782	2.044467	0.971768	1.393238	2.848428	0.20
0.783	2.044469	0.971768	1.393237	2.848430	0.20
0.784	2.044471	0.971769	1.393236	2.848431	0.20
0.786	2.044473	0.971769	1.393235	2.848432	0.20
0.787	2.044475	0.971769	1.393235	2.848433	0.20
0.788	2.044476	0.971770	1.393234	2.848434	0.20
0.789	2.044478	0.971770	1.393234	2.848436	0.20
0.791	2.044479	0.971771	1.393233	2.848437	0.20
0.792	2.044481	0.971771	1.393233	2.848438	0.20
0.793	2.044482	0.971772	1.393233	2.848439	0.20
0.794	2.044483	0.971772	1.393233	2.848441	0.20
0.796	2.044485	0.971772	1.393232	2.848442	0.20
0.797	2.044486	0.971773	1.393232	2.848443	0.20
0.798	2.044487	0.971773	1.393232	2.848444	0.20
0.799	2.044488	0.971774	1.393232	2.848446	0.20
0.801	2.044489	0.971774	1.393232	2.848447	0.20
0.802	2.044490	0.971775	1.393232	2.848448	0.20
0.803	2.044491	0.971775	1.393231	2.848450	0.20
0.804	2.044492	0.971776	1.393231	2.848451	0.20
0.806	2.044493	0.971776	1.393231	2.848452	0.20
0.807	2.044494	0.971777	1.393231	2.848454	0.20
0.808	2.044495	0.971777	1.393231	2.848455	0.20
0.809	2.044496	0.971777	1.393231	2.848457	0.20
0.811	2.044497	0.971778	1.393231	2.848458	0.20
0.812	2.044498	0.971778	1.393231	2.848459	0.20
0.813	2.044499	0.971779	1.393232	2.848461	0.20
0.814	2.044500	0.971779	1.393232	2.848462	0.20
0.816	2.044501	0.971780	1.393232	2.848464	0.20
0.817	2.044502	0.971780	1.393232	2.848465	0.20
0.818	2.044503	0.971781	1.393232	2.848467	0.20
0.819	2.044504	0.971781	1.393232	2.848468	0.20
0.821	2.044505	0.971782	1.393232	2.848470	0.20
0.822	2.044506	0.971783	1.393232	2.848471	0.20
0.823	2.044507	0.971783	1.393232	2.848473	0.20
0.824	2.044508	0.971784	1.393232	2.848474	0.20
0.826	2.044508	0.971784	1.393233	2.848476	0.20
0.827	2.044509	0.971785	1.393233	2.848477	0.20
0.828	2.044510	0.971785	1.393233	2.848479	0.20
0.829	2.044511	0.971786	1.393233	2.848480	0.20
0.831	2.044512	0.971786	1.393233	2.848482	0.20
0.832	2.044513	0.971787	1.393233	2.848484	0.20
0.833	2.044514	0.971787	1.393233	2.848485	0.20
0.834	2.044515	0.971788	1.393234	2.848487	0.20
0.836	2.044516	0.971789	1.393234	2.848489	0.20
0.837	2.044517	0.971789	1.393234	2.848490	0.20
0.838	2.044518	0.971790	1.393234	2.848492	0.20
0.839	2.044519	0.971790	1.393234	2.848494	0.20
0.841	2.044520	0.971791	1.393234	2.848495	0.20
0.842	2.044521	0.971791	1.393235	2.848497	0.20
0.843	2.044522	0.971792	1.393235	2.848499	0.20
0.844	2.044522	0.971793	1.393235	2.848500	0.20
0.846	2.044523	0.971793	1.393235	2.848502	0.20
0.847	2.044524	0.971794	1.393235	2.848503	0.20
0.848	2.044525	0.971794	1.393235	2.848505	0.20
0.849	2.044526	0.971795	1.393236	2.848506	0.20
0.851	2.044526	0.971795	1.393236	2.848507	0.20
0.852	2.044526	0.971795	1.393236	2.848507	0.20
0.853	2.044526	0.971795	1.393235	2.848506	0.20
0.854	2.044524	0.971793	1.393235	2.848503	0.20
0.856	2.044521	0.971791	1.393234	2.848496	0.20
0.857	2.044515	0.971787	1.393232	2.848484	0.20
0.858	2.044503	0.971779	1.393229	2.848460	0.20
0.859	2.044482	0.971764	1.393223	2.848419	0.20
0.861	2.044445	0.971739	1.393213	2.848346	0.20
0.862	2.044380	0.971694	1.393195	2.848220	0.20
0.863	2.044267	0.971617	1.393164	2.848000	0.20
0.864	2.044072	0.971484	1.393111	2.847619	0.20
0.866	2.043735	0.971253	1.393019	2.846961	0.20
0.867	2.043152	0.970855	1.392860	2.845825	0.20
0.868	2.042147	0.970168	1.392586	2.843865	0.20
0.869	2.040415	0.968983	1.392112	2.840487	0.20
0.871	2.037433	0.966940	1.391297	2.834674	0.20
0.872	2.032313	0.963424	1.389892	2.824695	0.20
0.873	2.023552	0.957388	1.387477	2.807632	0.20
0.874	2.008655	0.947060	1.383340	2.778653	0.20
0.876	1.983599	0.929503	1.376287	2.730001	0.20
0.877	1.942215	0.899989	1.364377	2.649914	0.20
0.878	1.875951	0.851337	1.344605	2.522413	0.20
0.879	1.775191	0.773858	1.312792	2.330457	0.20
0.881	1.634341	0.657800	1.264533	2.066677	0.20
0.882	1.461692	0.501642	1.198947	1.752490	0.20
0.883	1.286897	0.325922	1.125500	1.448403	0.20
0.884	1.148808	0.173920	1.064075	1.222417	0.20
0.886	1.065603	0.077470	1.027363	1.094762	0.20
0.887	1.025933	0.030683	1.010564	1.036771	0.20
0.888	1.009699	0.011477	1.003907	1.013643	0.20
0.889	1.003544	0.004193	1.001421	1.004970	0.20
0.891	1.001283	0.001519	1.000514	1.001798	0.20
0.892	1.000463	0.000548	1.000185	1.000649	0.20
0.893	1.000167	0.000198	1.000067	1.000234	0.20
0.894	1.000060	0.000071	1.000024	1.000084	0.20
0.896	1.000022	0.000026	1.000009	1.000030	0.20
0.897	1.000008	0.000009	1.000003	1.000011	0.20
0.898	1.000003	0.000003	1.000001	1.000004	0.20
0.899	1.000001	0.000001	1.000000	1.000001	0.20
0.901	1.000000	0.000000	1.000000	1.000001	0.20
0.902	1.000000	0.000000	1.000000	1.000000	0.20
0.903	1.000000	0.000000	1.000000	1.000000	0.20
0.904	1.000000	0.000000	1.000000	1.000000	0.20
0.906	1.000000	0.000000	1.000000	1.000000	0.20
0.907	1.000000	0.000000	1.000000	1.000000	0.20
0.908	1.000000	0.000000	1.000000	1.000000	0.20
0.909	1.000000	0.000000	1.000000	1.000000	0.20
0.911	1.000000	0.000000	1.000000	1.000000	0.20
0.912	1.000000	0.000000	1.000000	1.000000	0.20
0.913	1.000000	0.000000	1.000000	1.000000	0.20
0.914	1.000000	0.000000	1.000000	1.000000	0.20
0.916	1.000000	0.000000	1.000000	1.000000	0.20
0.917	1.000000	0.000000	1.000000	1.000000	0.20
0.918	1.000000	0.000000	1.000000	1.000000	0.20
0.919	1.000000	0.000000	1.000000	1.000000	0.20
0.921	1.000000	0.000000	1.000000	1.000000	0.20
0.922	1.000000	0.000000	1.000000	1.000000	0.20
0.923	1.000000	0.000000	1.000000	1.000000	0.20
0.924	1.000000	0.000000	1.000000	1.000000	0.20
0.926	1.000000	0.000000	1.000000	1.000000	0.20
0.927	1.000000	-0.000000	1.000000	1.000000	0.20
0.928	1.000000	0.000000	1.000000	1.000000	0.20
0.929	1.000000	0.000000	1.000000	1.000000	0.20
0.931	1.000000	0.000000	1.000000	1.000000	0.20
0.932	1.000000	0.000000	1.000000	1.000000	0.20
0.933	1.000000	0.000000	1.000000	1.000000	0.20
0.934	1.000000	0.000000	1.000000	1.000000	0.20
0.936	1.000000	0.000000	1.000000	1.000000	0.20
0.937	1.000000	0.000000	1.000000	1.000000	0.20
0.938	1.000000	0.000000	1.000000	1.000000	0.20
0.939	1.000000	0.000000	1.000000	1.000000	0.20
0.941	1.000000	0.000000	1.000000	1.000000	0.20
0.942	1.000000	0.000000	1.000000	1.000000	0.20
0.943	1.000000	0.000000	1.000000	1.000000	0.20
0.944	1.000000	0.000000	1.000000	1.000000	0.20
0.946	1.000000	0.000000	1.000000	1.000000	0.20
0.947	1.000000	0.000000	1.000000	1.000000	0.20
0.948	1.000000	0.000000	1.000000	1.000000	0.20
0.949	1.000000	0.000000	1.000000	1.000000	0.20
0.951	1.000000	0.000000	1.000000	1.000000	0.20
0.952	1.000000	0.000000	1.000000	1.000000	0.20
0.953	1.000000	0.000000	1.000000	1.000000	0.20
0.954	1.000000	0.000000	1.000000	1.000000	0.20
0.956	1.000000	0.000000	1.000000	1.000000	0.20
0.957	1.000000	0.000000	1.000000	1.000000	0.20
0.958	1.000000	0.000000	1.000000	1.000000	0.20
0.959	1.000000	0.000000	1.000000	1.000000	0.20
0.961	1.000000	0.000000	1.000000	1.000000	0.20
0.962	1.000000	0.000000	1.000000	1.000000	0.20
0.963	1.000000	0.000000	1.000000	1.000000	0.20
0.964	1.000000	0.000000	1.000000	1.000000	0.20
0.966	1.000000	0.000000	1.000000	1.000000	0.20
0.967	1.000000	0.000000	1.000000	1.000000	0.20
0.968	1.000000	0.000000	1.000000	1.000000	0.20
0.969	1.000000	0.000000	1.000000	1.000000	0.20
0.971	1.000000	0.000000	1.000000	1.000000	0.20
0.972	1.000000	0.000000	1.000000	1.000000	0.20
0.973	1.000000	0.000000	1.000000	1.000000	0.20
0.974	1.000000	0.000000	1.000000	1.000000	0.20
0.976	1.000000	0.000000	1.000000	1.000000	0.20
0.977	1.000000	0.000000	1.000000	1.000000	0.20
0.978	1.000000	0.000000	1.000000	1.000000	0.20
0.979	1.000000	0.000000	1.000000	1.000000	0.20
0.981	1.000000	0.000000	1.000000	1.000000	0.20
0.982	1.000000	0.000000	1.000000	1.000000	0.20
0.983	1.000000	0.000000	1.000000	1.000000	0.20
0.984	1.000000	0.000000	1.000000	1.000000	0.20
0.986	1.000000	0.000000	1.000000	1.000000	0.20
0.987	1.000000	0.000000	1.000000	1.000000	0.20
0.988	1.000000	0.000000	1.000000	1.000000	0.20
0.989	1.000000	0.000000	1.000000	1.000000	0.20
0.991	1.000000	0.000000	1.000000	1.000000	0.20
0.992	1.000000	0.000000	1.000000	1.000000	0.20
0.993	1.000000	0.000000	1.000000	1.000000	0.20
0.994	1.000000	0.000000	1.000000	1.000000	0.20
0.996	1.000000	0.000000	1.000000	1.000000	0.20
0.997	1.000000	0.000000	1.000000	1.000000	0.20
0.998	1.000000	0.000000	1.000000	1.000000	0.20
0.999	1.000000	0.000000	1.000000	1.000000	0.20
